7 0.60078125 0.53671875 0.7984375 0.2953125
7 0.66328125 0.071875 0.6734375 0.14375
7 0.428125 0.3203125 0.5859375 0.38671875
7 0.2984375 0.63515625 0.596875 0.14453125
7 0.23125 0.04140625 0.31171875 0.07734375
6 0.51640625 0.7 0.66953125 0.34765625
6 0.8078125 0.8078125 0.384375 0.384375
6 0.4578125 0.14375 0.60390625 0.0953125
6 0.746875 0.51015625 0.50625 0.2296875
6 0.290625 0.7359375 0.47578125 0.07734375
6 0.44921875 0.9046875 0.29140625 0.18984375
6 0.39140625 0.8546875 0.3984375 0.16796875
6 0.8625 0.82578125 0.275 0.33125
7 0.8828125 0.503125 0.234375 0.165625
7 0.9296875 0.18671875 0.140625 0.10390625