4 0.49609375 0.2921875 0.22265625 0.4953125
4 0.35859375 0.44296875 0.37578125 0.22734375
4 0.68984375 0.4234375 0.2171875 0.36484375
4 0.48671875 0.72109375 0.259375 0.29140625
4 0.1125 0.87578125 0.13046875 0.234375
4 0.09140625 0.1328125 0.096875 0.109375
4 0.85078125 0.1703125 0.0625 0.1375
4 0.1140625 0.2828125 0.09921875 0.0578125
4 0.1078125 0.40859375 0.0828125 0.1015625
4 0.121875 0.66875 0.07265625 0.15625
4 0.30859375 0.71953125 0.096875 0.1078125
4 0.90703125 0.63203125 0.128125 0.24921875
4 0.85 0.35390625 0.06484375 0.090625
4 0.68125 0.8578125 0.19140625 0.1484375
4 0.3171875 0.20546875 0.08671875 0.13046875
4 0.95703125 0.16015625 0.06484375 0.0875
4 0.26171875 0.8390625 0.10390625 0.1296875
4 0.203125 0.759375 0.14140625 0.13125
4 0.75234375 0.63125 0.06015625 0.1390625
4 0.21171875 0.13671875 0.0578125 0.10625