4 0.44296875 0.28359375 0.2015625 0.46328125
4 0.62421875 0.41171875 0.20390625 0.31875
4 0.45390625 0.67890625 0.23203125 0.25859375
4 0.82890625 0.8625 0.23359375 0.27421875
4 0.9171875 0.5796875 0.165625 0.315625
4 0.77421875 0.17890625 0.05 0.11953125
4 0.7703125 0.35 0.05703125 0.0734375
4 0.88515625 0.2765625 0.06640625 0.0796875
4 0.26015625 0.2 0.09921875 0.1203125
4 0.321875 0.42421875 0.33671875 0.19453125
4 0.21328125 0.65 0.0859375 0.10546875
4 0.078125 0.86796875 0.13828125 0.22265625
4 0.50390625 0.91484375 0.065625 0.15
4 0.62578125 0.82109375 0.1546875 0.1296875
4 0.65859375 0.93828125 0.134375 0.1078125
4 0.909375 0.38359375 0.046875 0.08671875
4 0.08515625 0.6625 0.075 0.16328125