4 0.32421875 0.6375 0.3953125 0.3375
4 0.7125 0.6078125 0.365625 0.359375
4 0.378125 0.34609375 0.26640625 0.24609375
4 0.6140625 0.31328125 0.19140625 0.315625
4 0.4296875 0.91328125 0.21015625 0.1640625
4 0.62109375 0.92578125 0.13984375 0.14765625
4 0.7453125 0.8140625 0.17734375 0.13046875
4 0.09453125 0.48046875 0.07890625 0.08984375
4 0.115625 0.21484375 0.07578125 0.11875
4 0.03046875 0.8109375 0.05703125 0.165625
4 0.11328125 0.85 0.075 0.07421875
4 0.865625 0.8390625 0.11640625 0.17109375
4 0.92890625 0.69765625 0.0484375 0.1265625
4 0.05078125 0.25078125 0.06953125 0.071875
4 0.10234375 0.40625 0.07890625 0.084375