5 0.39375 0.2921875 0.2625 0.3203125
5 0.6046875 0.31015625 0.17421875 0.246875
5 0.42265625 0.59765625 0.2421875 0.30234375
5 0.61796875 0.59453125 0.1421875 0.2875
4 0.7625 0.53359375 0.0875 0.14921875
4 0.121875 0.90390625 0.196875 0.1921875
4 0.928125 0.80390625 0.14375 0.146875
4 0.16171875 0.5453125 0.08125 0.1625
4 0.065625 0.38359375 0.08359375 0.19140625
4 0.83515625 0.45859375 0.128125 0.19140625
4 0.36953125 0.91015625 0.05546875 0.0703125
4 0.73515625 0.6640625 0.0484375 0.1
4 0.95390625 0.48515625 0.0921875 0.1046875
4 0.6296875 0.1328125 0.05859375 0.09296875
4 0.87421875 0.5703125 0.13359375 0.1203125
4 0.9625 0.65078125 0.0640625 0.1484375
4 0.16484375 0.79296875 0.1234375 0.1515625