4 0.35703125 0.32734375 0.20859375 0.3125
4 0.50625 0.3109375 0.13671875 0.28359375
4 0.38203125 0.659375 0.2671875 0.33984375
4 0.57734375 0.546875 0.240625 0.2421875
4 0.171875 0.85625 0.0828125 0.09140625
4 0.54453125 0.85390625 0.12578125 0.1125
4 0.78125 0.92109375 0.08359375 0.1234375
4 0.16796875 0.4171875 0.090625 0.1453125
4 0.83359375 0.1984375 0.24921875 0.15234375
4 0.8125 0.509375 0.10234375 0.1796875
4 0.85390625 0.84765625 0.13984375 0.12109375
4 0.109375 0.0671875 0.12890625 0.1078125
4 0.225 0.77109375 0.11171875 0.13828125
4 0.840625 0.62109375 0.14296875 0.08125
4 0.578125 0.15234375 0.0578125 0.215625
4 0.65390625 0.09140625 0.0828125 0.1828125