5 0.3390625 0.39453125 0.2421875 0.33203125
5 0.5796875 0.36796875 0.2421875 0.3359375
5 0.81953125 0.14921875 0.11953125 0.24609375
5 0.840625 0.484375 0.1578125 0.16484375
5 0.371875 0.725 0.23125 0.3046875
5 0.60859375 0.6375 0.24375 0.253125
5 0.79921875 0.6671875 0.11015625 0.16328125
5 0.95703125 0.37578125 0.08515625 0.21171875
5 0.7984375 0.6453125 0.1140625 0.1453125
4 0.1046875 0.334375 0.16171875 0.26953125
4 0.1390625 0.7 0.1140625 0.28046875
4 0.24609375 0.10078125 0.165625 0.128125
4 0.21796875 0.5671875 0.1328125 0.21796875
4 0.1140625 0.875 0.20390625 0.15390625