7 0.47109375 0.67578125 0.940625 0.4140625
7 0.35546875 0.246875 0.10859375 0.49375
7 0.79921875 0.53828125 0.35859375 0.159375
7 0.6703125 0.17890625 0.4453125 0.3578125
7 0.55078125 0.97265625 0.37421875 0.0546875
7 0.96640625 0.9015625 0.06640625 0.196875
7 0.534375 0.48671875 0.2328125 0.09765625
7 0.7625 0.3671875 0.19921875 0.07578125
7 0.82578125 0.01640625 0.1234375 0.0328125
7 0.20390625 0.85703125 0.3078125 0.1140625
6 0.1078125 0.1 0.215625 0.146875
6 0.2078125 0.45625 0.30703125 0.2953125