7 0.48828125 0.678125 0.1671875 0.64375
6 0.1734375 0.21484375 0.09140625 0.27421875
7 0.61953125 0.59296875 0.07734375 0.35703125
6 0.209375 0.62109375 0.23671875 0.09296875
7 0.421875 0.228125 0.12578125 0.45
7 0.78984375 0.2796875 0.05859375 0.3984375
6 0.6734375 0.6234375 0.065625 0.50234375
6 0.72890625 0.28203125 0.06796875 0.35703125
6 0.7578125 0.56171875 0.05625 0.196875
7 0.64140625 0.959375 0.08359375 0.08125
7 0.5515625 0.928125 0.046875 0.14375
6 0.13671875 0.496875 0.09921875 0.12421875
6 0.2765625 0.6265625 0.17265625 0.25859375