6 0.17578125 0.7890625 0.31640625 0.39140625
6 0.75703125 0.56328125 0.1625 0.3359375
6 0.178125 0.39921875 0.15390625 0.4359375
6 0.13359375 0.45078125 0.2671875 0.34140625
6 0.54375 0.82265625 0.14296875 0.3546875
6 0.340625 0.11484375 0.05546875 0.18203125
6 0.7609375 0.5703125 0.14609375 0.3234375
6 0.403125 0.89765625 0.11875 0.2046875
7 0.45546875 0.80703125 0.05546875 0.3859375
6 0.33984375 0.38515625 0.07265625 0.30390625
7 0.94921875 0.51171875 0.0890625 0.24609375
6 0.7890625 0.86484375 0.075 0.26953125