4 0.43359375 0.3890625 0.22265625 0.27578125
4 0.58046875 0.35625 0.11953125 0.33359375
4 0.4046875 0.6671875 0.221875 0.2921875
4 0.59765625 0.64609375 0.15234375 0.24609375
4 0.82734375 0.29296875 0.11640625 0.28984375
4 0.83359375 0.521875 0.175 0.16328125
5 0.8078125 0.7984375 0.09609375 0.203125
5 0.74453125 0.63515625 0.09453125 0.140625
5 0.88046875 0.6484375 0.1375 0.146875
5 0.915625 0.7921875 0.15703125 0.18203125
4 0.7109375 0.1234375 0.08515625 0.16875
4 0.66953125 0.29140625 0.09921875 0.21484375
5 0.53828125 0.77109375 0.109375 0.190625
5 0.9125 0.896875 0.08828125 0.11015625