4 0.57109375 0.59921875 0.271875 0.43125
4 0.67578125 0.27109375 0.36875 0.30859375
4 0.53984375 0.22265625 0.209375 0.31484375
4 0.2671875 0.14765625 0.14921875 0.2953125
4 0.11328125 0.34296875 0.2109375 0.13671875
4 0.071875 0.55625 0.11171875 0.1234375
4 0.20859375 0.6703125 0.0796875 0.14921875
4 0.35546875 0.55234375 0.18671875 0.384375
4 0.153125 0.81640625 0.10390625 0.109375
4 0.25 0.81640625 0.04453125 0.1046875
4 0.346875 0.93125 0.0984375 0.13203125
4 0.49375 0.840625 0.096875 0.14296875
4 0.75703125 0.796875 0.1234375 0.1734375
4 0.72421875 0.93125 0.1046875 0.1234375
4 0.9015625 0.93359375 0.11015625 0.12734375
4 0.9125 0.3953125 0.03828125 0.12265625
4 0.965625 0.6265625 0.06875 0.103125
4 0.90234375 0.5703125 0.071875 0.109375
4 0.90859375 0.21484375 0.05859375 0.128125
4 0.35234375 0.27109375 0.10625 0.1640625
4 0.921875 0.8140625 0.05 0.11015625
4 0.45078125 0.725 0.11171875 0.1140625
4 0.87421875 0.1109375 0.05546875 0.1328125
4 0.83984375 0.54609375 0.07578125 0.08671875
4 0.5671875 0.84921875 0.10546875 0.13046875
4 0.08359375 0.11640625 0.1671875 0.2328125
4 0.809375 0.05625 0.06875 0.09609375