4 0.38046875 0.49296875 0.3015625 0.27578125
4 0.56328125 0.390625 0.15546875 0.434375
4 0.075 0.4578125 0.1421875 0.23046875
4 0.0984375 0.10859375 0.10234375 0.17421875
4 0.2796875 0.67578125 0.09296875 0.15
4 0.1578125 0.7296875 0.19765625 0.1125
4 0.81875 0.88828125 0.26953125 0.2234375
4 0.94609375 0.26484375 0.1078125 0.1609375
4 0.31328125 0.8375 0.159375 0.1875
4 0.46328125 0.75859375 0.1796875 0.253125
4 0.65703125 0.58828125 0.1953125 0.20859375
4 0.19453125 0.10859375 0.06171875 0.14921875
5 0.13671875 0.2671875 0.075 0.15546875